x=4.72864
y=-3.16602
z=0
